num_vertices: 25
num_edges: 94
edge_cost_rate: 3.0
vertex0: [-2.0,-11.0]
vertex1: [-2.0,-2.5]
vertex2: [-2.5,9.5]
vertex3: [-2.5,19.5]
vertex4: [2.5,-11.5]
vertex5: [4.0,-2.5]
vertex6: [2.5,3.5]
vertex7: [2.5,9.5]
vertex8: [2.5,18.0]
vertex9: [7.0,-8.0]
vertex10: [9.0,3.5]
vertex11: [8.0,9.5]
vertex12: [8.0,15.5]
vertex13: [13.5,-11.0]
vertex14: [13.5,-6.5]
vertex15: [13.5,-2.5]
vertex16: [13.5,3.5]
vertex17: [13.5,9.5]
vertex18: [13.5,19.5]
vertex19: [19.5,-6.5]
vertex20: [22.5,-11.0]
vertex21: [22.5,-2.5]
vertex22: [22.5,3.5]
vertex23: [22.5,9.5]
vertex24: [22.5,19.5]
edge0: [0,1,9.08865,0.423072]
edge1: [0,4,5.42228,0.338956]
edge2: [1,0,9.06976,0.276163]
edge3: [1,2,12.764,0.0548259]
edge4: [1,5,6.52334,0.0957799]
edge5: [2,1,12.6607,0.409588]
edge6: [2,3,10.552,0.467853]
edge7: [2,7,5.51318,0.257475]
edge8: [2,8,10.596,0.430123]
edge9: [3,2,10.5925,0.441726]
edge10: [3,8,6.04313,0.275762]
edge11: [4,0,5.45125,0.213104]
edge12: [4,5,9.69078,0.346491]
edge13: [4,9,6.52779,0.38261]
edge14: [4,13,11.9875,0.447779]
edge15: [5,1,6.91992,0.0437551]
edge16: [5,4,9.69432,0.437161]
edge17: [5,6,6.76985,0.404136]
edge18: [5,9,7.03782,0.160536]
edge19: [5,10,8.48851,0.320008]
edge20: [5,15,10.388,0.414521]
edge21: [6,5,6.84673,0.319821]
edge22: [6,7,6.98382,0.283148]
edge23: [6,10,7.26869,0.416001]
edge24: [7,2,5.77129,0.121316]
edge25: [7,6,6.83767,0.234929]
edge26: [7,8,9.01802,0.289075]
edge27: [7,11,6.05304,0.217983]
edge28: [8,2,10.4572,0.421883]
edge29: [8,3,5.82875,0.0267137]
edge30: [8,7,9.17842,0.35188]
edge31: [8,12,6.60295,0.131905]
edge32: [8,18,11.6181,0.132693]
edge33: [9,4,6.29479,0.287499]
edge34: [9,5,7.24537,0.310282]
edge35: [9,14,7.45663,0.145588]
edge36: [10,5,8.70294,0.241018]
edge37: [10,6,7.48391,0.0286207]
edge38: [10,15,8.32034,0.436059]
edge39: [10,16,5.2066,0.475315]
edge40: [10,17,8.06991,0.39696]
edge41: [11,7,6.45652,0.402896]
edge42: [11,12,6.6272,0.442158]
edge43: [11,17,6.48794,0.365761]
edge44: [12,8,7.03536,0.11806]
edge45: [12,11,6.86164,0.370632]
edge46: [12,18,7.51121,0.215961]
edge47: [13,4,11.8439,0.0436948]
edge48: [13,14,5.42349,0.102487]
edge49: [13,20,9.51146,0.0170203]
edge50: [14,9,7.25031,0.215998]
edge51: [14,13,5.21743,0.402185]
edge52: [14,15,4.55798,0.424772]
edge53: [14,19,6.79055,0.00692719]
edge54: [15,5,10.2537,0.475372]
edge55: [15,10,8.37719,0.196913]
edge56: [15,14,4.72407,0.234833]
edge57: [15,16,6.66694,0.142809]
edge58: [15,21,9.92978,0.463488]
edge59: [16,10,5.25532,0.382575]
edge60: [16,15,6.98591,0.465929]
edge61: [16,17,6.5657,0.498807]
edge62: [16,21,11.7278,0.374352]
edge63: [16,22,9.6903,0.112528]
edge64: [17,10,8.07785,0.118506]
edge65: [17,11,6.19361,0.0741337]
edge66: [17,16,6.57178,0.373833]
edge67: [17,18,10.7163,0.192329]
edge68: [17,23,9.60432,0.102117]
edge69: [17,24,14.4102,0.306134]
edge70: [18,8,11.852,0.0393911]
edge71: [18,12,7.57169,0.15788]
edge72: [18,17,10.8969,0.364233]
edge73: [18,24,9.71902,0.0181427]
edge74: [19,14,6.77497,0.493051]
edge75: [19,20,6.10534,0.33771]
edge76: [19,21,5.68605,0.48325]
edge77: [20,13,9.70958,0.452691]
edge78: [20,19,6.32236,0.224651]
edge79: [20,21,9.14153,0.327697]
edge80: [21,15,9.68651,0.0591143]
edge81: [21,16,11.7757,0.0529885]
edge82: [21,19,5.76806,0.431847]
edge83: [21,20,9.38547,0.0344053]
edge84: [21,22,6.83743,0.477922]
edge85: [22,16,9.78351,0.229429]
edge86: [22,21,6.87794,0.44407]
edge87: [22,23,6.51295,0.277494]
edge88: [23,17,9.51439,0.263516]
edge89: [23,22,6.97601,0.212749]
edge90: [23,24,10.5755,0.308702]
edge91: [24,17,14.3236,0.244109]
edge92: [24,18,9.59103,0.27599]
edge93: [24,23,10.5686,0.471221]
