num_vertices: 25
num_edges: 94
edge_cost_rate: 3.0
vertex0: [-2.0,-11.0]
vertex1: [-2.0,-2.5]
vertex2: [-2.5,9.5]
vertex3: [-2.5,19.5]
vertex4: [2.5,-11.5]
vertex5: [4.0,-2.5]
vertex6: [2.5,3.5]
vertex7: [2.5,9.5]
vertex8: [2.5,18.0]
vertex9: [7.0,-8.0]
vertex10: [9.0,3.5]
vertex11: [8.0,9.5]
vertex12: [8.0,15.5]
vertex13: [13.5,-11.0]
vertex14: [13.5,-6.5]
vertex15: [13.5,-2.5]
vertex16: [13.5,3.5]
vertex17: [13.5,9.5]
vertex18: [13.5,19.5]
vertex19: [19.5,-6.5]
vertex20: [22.5,-11.0]
vertex21: [22.5,-2.5]
vertex22: [22.5,3.5]
vertex23: [22.5,9.5]
vertex24: [22.5,19.5]
edge0: [0,1,20.7349,1.42815,8.5]
edge1: [0,4,12.4126,1.6615,4.53]
edge2: [1,0,23.7197,4.21388,8.5]
edge3: [1,2,30.3513,7.34276,12]
edge4: [1,5,15.9985,2.02301,6]
edge5: [2,1,46.4296,7.65026,12]
edge6: [2,3,36.6135,2.51258,10]
edge7: [2,7,12.1154,2.13418,5]
edge8: [2,8,21.7034,6.50543,9.86]
edge9: [3,2,36.1545,6.32415,10]
edge10: [3,8,19.9047,3.39208,5.22]
edge11: [4,0,11.9042,1.08035,4.53]
edge12: [4,5,22.3064,2.23745,9.12]
edge13: [4,9,18.7418,1.99691,5.7]
edge14: [4,13,24.026,2.68427,11]
edge15: [5,1,17.3664,2.70814,6]
edge16: [5,4,32.9516,3.74496,9.12]
edge17: [5,6,22.5549,3.49371,6.19]
edge18: [5,9,14.6177,4.25274,6.27]
edge19: [5,10,26.6461,5.23285,7.81]
edge20: [5,15,26.6409,2.98451,9.5]
edge21: [6,5,24.6408,2.1594,6.19]
edge22: [6,7,22.018,3.98147,6]
edge23: [6,10,24.5816,1.17058,6.5]
edge24: [7,2,12.2042,0.589592,5]
edge25: [7,6,13.3137,1.9261,6]
edge26: [7,8,25.0341,5.88761,8.5]
edge27: [7,11,19.8193,2.34684,5.5]
edge28: [8,2,19.7793,1.74715,9.86]
edge29: [8,3,18.1271,2.10555,5.22]
edge30: [8,7,23.2398,1.61861,8.5]
edge31: [8,12,20.0193,2.49124,6.04]
edge32: [8,18,35.0375,7.08296,11.1]
edge33: [9,4,12.3084,2.76719,5.7]
edge34: [9,5,15.6217,1.20876,6.27]
edge35: [9,14,15.0753,1.17031,6.67]
edge36: [10,5,22.9526,4.66836,7.81]
edge37: [10,6,13.3848,3.3259,6.5]
edge38: [10,15,23.083,1.46927,7.5]
edge39: [10,16,15.7195,3.06647,4.5]
edge40: [10,17,16.6508,1.0732,7.5]
edge41: [11,7,20.176,2.87032,5.5]
edge42: [11,12,22.7651,2.69306,6]
edge43: [11,17,20.2952,0.594378,5.5]
edge44: [12,8,22.4165,0.940513,6.04]
edge45: [12,11,16.938,2.00646,6]
edge46: [12,18,16.1949,2.56584,6.8]
edge47: [13,4,28.7753,6.50856,11]
edge48: [13,14,11.9552,1.01546,4.5]
edge49: [13,20,33.114,5.22607,9]
edge50: [14,9,21.2917,2.18563,6.67]
edge51: [14,13,13.4536,2.25986,4.5]
edge52: [14,15,11.019,1.07986,4]
edge53: [14,19,22.1629,1.7839,6]
edge54: [15,5,28.9233,1.07893,9.5]
edge55: [15,10,28.7279,1.0539,7.5]
edge56: [15,14,14.7767,0.55956,4]
edge57: [15,16,23.3889,3.88182,6]
edge58: [15,21,21.0685,2.512,9]
edge59: [16,10,9.04503,2.31529,4.5]
edge60: [16,15,13.0002,3.7513,6]
edge61: [16,17,12.4697,2.00663,6]
edge62: [16,21,24.5667,7.39221,10.8]
edge63: [16,22,27.5582,1.18701,9]
edge64: [17,10,24.357,3.58698,7.5]
edge65: [17,11,17.2893,3.36659,5.5]
edge66: [17,16,18.8019,1.38173,6]
edge67: [17,18,23.5227,2.73427,10]
edge68: [17,23,31.5573,1.55025,9]
edge69: [17,24,35.3501,4.5404,13.5]
edge70: [18,8,42.0753,3.91807,11.1]
edge71: [18,12,21.4864,2.32527,6.8]
edge72: [18,17,34.5856,1.37824,10]
edge73: [18,24,34.7523,5.02497,9]
edge74: [19,14,16.4296,4.07948,6]
edge75: [19,20,20.7611,0.653985,5.41]
edge76: [19,21,13.8553,0.856404,5]
edge77: [20,13,35.8848,6.10842,9]
edge78: [20,19,17.3187,1.2223,5.41]
edge79: [20,21,22.7605,1.2332,8.5]
edge80: [21,15,20.6915,2.93143,9]
edge81: [21,16,23.1078,4.00547,10.8]
edge82: [21,19,17.1594,0.874598,5]
edge83: [21,20,33.6822,0.902949,8.5]
edge84: [21,22,14.734,2.79745,6]
edge85: [22,16,35.701,2.93223,9]
edge86: [22,21,14.8921,1.98095,6]
edge87: [22,23,19.9886,3.01312,6]
edge88: [23,17,21.1034,2.94785,9]
edge89: [23,22,16.3045,2.41096,6]
edge90: [23,24,29.525,3.74307,10]
edge91: [24,17,46.7895,3.83596,13.5]
edge92: [24,18,30.2249,2.78269,9]
edge93: [24,23,34.1497,5.52807,10]
